600
597.6
595.21
592.829
590.457
588.096
585.743
583.4
581.067
578.742
576.427
574.122
571.825
569.538
567.26
564.991
562.731
560.48
558.238
556.005
553.781
551.566
549.36
547.162
544.973
542.794
540.622
538.46
536.306
534.161
532.024
529.896
527.777
525.665
523.563
521.469
519.383
517.305
515.236
513.175
511.122
509.078
507.041
505.013
502.993
500.981
498.977
496.981
494.993
493.014
491.041
489.077
487.121
485.173
483.232
481.299
479.374
477.456
475.546
473.644
471.75
469.863
467.983
466.111
464.247
462.39
460.54
458.698
456.863
455.036
453.216
451.403
449.597
447.799
446.008
444.224
442.447
440.677
438.914
437.159
435.41
433.668
431.934
430.206
428.485
426.771
425.064
423.364
421.67
419.984
418.304
416.63
414.964
413.304
411.651
410.004
408.364
406.731
405.104
403.483
401.87
400.262
398.661
397.066
395.478
393.896
392.321
390.751
389.188
387.632
386.081
384.537
382.999
381.467
379.941
378.421
376.907
375.4
373.898
372.402
370.913
369.429
367.951
366.48
365.014
363.554
362.099
360.651
359.208
357.772
356.341
354.915
353.496
352.082
350.673
349.271
347.873
346.482
345.096
343.716
342.341
340.971
339.608
338.249
336.896
335.549
334.206
332.869
331.538
330.212
328.891
327.575
326.265
324.96
323.66
322.366
321.076
319.792
318.513
317.239
315.97
314.706
313.447
312.193
310.944
309.701
308.462
307.228
305.999
304.775
303.556
302.342
301.132
299.928
298.728
297.533
296.343
295.158
293.977
292.801
291.63
290.463
289.302
288.144
286.992
285.844
284.7
283.562
282.427
281.298
280.173
279.052
277.936
276.824
275.717
274.614
273.515
272.421
271.332
270.246
269.165
268.089
267.016
265.948
264.884
263.825
262.77
261.718
260.672
259.629
258.59
257.556
256.526
255.5
254.478
253.46
252.446
251.436
250.43
249.429
248.431
247.437
246.447
245.462
244.48
243.502
242.528
241.558
240.592
239.629
238.671
237.716
236.765
235.818
234.875
233.935
233
232.068
231.139
230.215
229.294
228.377
227.463
226.553
225.647
224.745
223.846
222.95
222.058
221.17
220.285
219.404
218.527
217.653
216.782
215.915
215.051
214.191
213.334
212.481
211.631
210.784
209.941
209.102
208.265
207.432
206.602
205.776
204.953
204.133
203.316
202.503
201.693
200.886
200.083
199.283
198.485
197.691
196.901
196.113
195.329
194.547
193.769
192.994
192.222
191.453
190.687
189.925
189.165
188.408
187.655
186.904
186.156
185.412
184.67
183.931
183.196
182.463
181.733
181.006
180.282
179.561
178.843
178.127
177.415
176.705
175.998
175.294
174.593
173.895
173.199
172.507
171.816
171.129
170.445
169.763
169.084
168.408
167.734
167.063
166.395
165.729
165.066
164.406
163.748
163.093
162.441
161.791
161.144
160.499
159.857
159.218
158.581
157.947
157.315
156.686
156.059
155.435
154.813
154.194
153.577
152.963
152.351
151.741
151.135
150.53
149.928
149.328
148.731
148.136
147.543
146.953
146.365
145.78
145.197
144.616
144.038
143.461
142.888
142.316
141.747
141.18
140.615
140.053
139.492
138.934
138.379
137.825
137.274
136.725
136.178
135.633
135.091
134.55
134.012
133.476
132.942
132.41
131.881
131.353
130.828
130.304
129.783
129.264
128.747
128.232
127.719
127.208
126.699
126.193
125.688
125.185
124.684
124.186
123.689
123.194
122.701
122.211
121.722
121.235
120.75
120.267
119.786
119.307
118.829
118.354
117.881
117.409
116.94
116.472
116.006
115.542
115.08
114.619
114.161
113.704
113.249
112.796
112.345
111.896
111.448
111.002
110.558
110.116
109.676
109.237
108.8
108.365
107.931
107.5
107.07
106.641
106.215
105.79
105.367
104.945
104.526
104.108
103.691
103.276
102.863
102.452
102.042
101.634
101.227
100.822
100.419
100.017
99.6173
99.2189
98.822
98.4267
98.033
97.6409
97.2503
96.8613
96.4738
96.0879
95.7036
95.3208
94.9395
94.5597
94.1815
93.8048
93.4296
93.0558
92.6836
92.3129
91.9436
91.5759
91.2095
90.8447
90.4813
90.1194
89.7589
89.3999
89.0423
88.6861
88.3314
87.9781
87.6261
87.2756
86.9265
86.5788
86.2325
85.8876
85.544
85.2019
84.8611
84.5216
84.1835
83.8468
83.5114
83.1774
82.8446
82.5133
82.1832
81.8545
81.5271
81.201
80.8761
80.5526
80.2304
79.9095
79.5899
79.2715
78.9544
78.6386
78.3241
78.0108
77.6987
77.3879
77.0784
76.7701
76.463
76.1571
75.8525
75.5491
75.2469
74.9459
74.6461
74.3475
74.0501
73.7539
73.4589
73.1651
72.8724
72.5809
72.2906
72.0015
71.7134
71.4266
71.1409
70.8563
70.5729
70.2906
70.0094
69.7294
69.4505
69.1727
68.896
68.6204
68.3459
68.0725
67.8003
67.5291
67.2589
66.9899
66.7219
66.4551
66.1892
65.9245
65.6608
65.3981
65.1365
64.876
64.6165
64.358
64.1006
63.8442
63.5888
63.3345
63.0811
62.8288
62.5775
62.3272
62.0779
61.8296
61.5822
61.3359
61.0906
60.8462
60.6028
60.3604
60.119
59.8785
59.639
59.4004
59.1628
58.9262
58.6905
58.4557
58.2219
57.989
57.757
57.526
57.2959
57.0667
56.8385
56.6111
56.3847
56.1591
55.9345
55.7107
55.4879
55.2659
55.0449
54.8247
54.6054
54.387
54.1694
53.9528
53.7369
53.522
53.3079
53.0947
52.8823
52.6708
52.4601
52.2502
52.0412
51.8331
51.6257
51.4192
51.2136
51.0087
50.8047
50.6015
50.3991
50.1975
49.9967
49.7967
49.5975
49.3991
49.2015
49.0047
48.8087
48.6134
48.419
48.2253
48.0324
47.8403
47.6489
47.4583
47.2685
47.0794
46.8911
46.7035
46.5167
46.3307
46.1453
45.9608
45.7769
45.5938
45.4114
45.2298
45.0489
44.8687
44.6892
44.5104
44.3324
44.1551
43.9784
43.8025
43.6273
43.4528
43.279
43.1059
42.9335
42.7617
42.5907
42.4203
42.2506
42.0816
41.9133
41.7457
41.5787
41.4124
41.2467
41.0817
40.9174
40.7537
40.5907
40.4283
40.2666
40.1056
39.9451
39.7854
39.6262
39.4677
39.3098
39.1526
38.996
38.84
38.6847
38.5299
38.3758
38.2223
38.0694
37.9171
37.7655
37.6144
37.4639
37.3141
37.1648
37.0162
36.8681
36.7206
36.5737
36.4275
36.2817
36.1366
35.9921
35.8481
35.7047
35.5619
35.4196
35.278
35.1369
34.9963
34.8563
34.7169
34.578
34.4397
34.302
34.1647
34.0281
33.892
33.7564
33.6214
33.4869
33.353
33.2195
33.0867
32.9543
32.8225
32.6912
32.5604
32.4302
32.3005
32.1713
32.0426
31.9144
31.7868
31.6596
31.533
31.4068
31.2812
31.1561
31.0315
30.9073
30.7837
30.6606
30.5379
30.4158
30.2941
30.1729
30.0523
29.932
29.8123
29.6931
29.5743
29.456
29.3382
29.2208
29.1039
28.9875
28.8716
28.7561
28.6411
28.5265
28.4124
28.2987
28.1855
28.0728
27.9605
27.8487
27.7373
27.6263
27.5158
27.4058
27.2961
27.187
27.0782
26.9699
26.862
26.7546
26.6475
26.541
26.4348
26.3291
26.2237
26.1188
26.0144
25.9103
25.8067
25.7034
25.6006
25.4982
25.3962
25.2946
25.1935
25.0927
24.9923
24.8924
24.7928
24.6936
24.5948
24.4965
24.3985
24.3009
24.2037
24.1069
24.0104
23.9144
23.8187
23.7235
23.6286
23.5341
23.4399
23.3462
23.2528
23.1598
23.0671
22.9749
22.883
22.7914
22.7003
22.6095
22.519
22.4289
22.3392
22.2499
22.1609
22.0722
21.9839
21.896
21.8084
21.7212
21.6343
21.5478
21.4616
21.3757
21.2902
21.2051
21.1202
21.0358
20.9516
20.8678
20.7843
20.7012
20.6184
20.5359
20.4538
20.372
20.2905
20.2093
20.1285
20.048
19.9678
19.8879
19.8083
19.7291
19.6502
19.5716
19.4933
19.4153
19.3377
19.2603
19.1833
19.1066
19.0301
18.954
18.8782
18.8027
18.7275
18.6526
18.5779
18.5036
18.4296
18.3559
18.2825
18.2093
18.1365
18.064
17.9917
17.9197
17.8481
17.7767
17.7056
17.6347
17.5642
17.4939
17.424
17.3543
17.2849
17.2157
17.1469
17.0783
17.01
16.9419
16.8741
16.8066
16.7394
16.6725
16.6058
16.5394
16.4732
16.4073
16.3417
16.2763
16.2112
16.1464
16.0818
16.0174
15.9534
15.8896
15.826
15.7627
15.6996
15.6368
15.5743
15.512
15.45
15.3882
15.3266
15.2653
15.2042
15.1434
15.0828
15.0225
14.9624
14.9026
14.843
14.7836
14.7245
14.6656
14.6069
14.5485
14.4903
14.4323
14.3746
14.3171
14.2598
14.2028
14.146
14.0894
14.033
13.9769
13.921
13.8653
13.8098
13.7546
13.6996
13.6448
13.5902
13.5358
13.4817
13.4278
13.3741
13.3206
13.2673
13.2142
13.1614
13.1087
13.0563
13.0041
12.952
12.9002
12.8486
12.7972
12.746
12.6951
12.6443
12.5937
12.5433
12.4932
12.4432
12.3934
12.3438
12.2945
12.2453
12.1963
12.1475
12.0989
12.0505
12.0023
11.9543
11.9065
11.8589
11.8114
11.7642
11.7171
11.6703
11.6236
11.5771
11.5308
11.4847
11.4387
11.393
11.3474
11.302
11.2568
11.2118
11.1669
11.1223
11.0778
11.0335
10.9893
10.9454
