10
9.5
9.025
8.57375
8.14506
7.73781
7.35092
6.98337
6.6342
6.30249
5.98737
5.688
5.4036
5.13342
4.87675
4.63291
4.40127
4.1812
3.97214
3.77354
3.58486
3.40562
3.23534
3.07357
2.91989
2.7739
2.6352
2.50344
2.37827
2.25936
2.14639
2.03907
1.93711
1.84026
1.74825
1.66083
1.57779
1.4989
1.42396
1.35276
1.28512
1.22087
1.15982
1.10183
1.04674
0.994403
0.944682
0.897448
0.852576
0.809947
0.76945
0.730977
0.694428
0.659707
0.626722
0.595386
0.565616
0.537335
0.510469
0.484945
0.460698
0.437663
0.41578
0.394991
0.375241
0.356479
0.338655
0.321723
0.305636
0.290355
0.275837
0.262045
0.248943
0.236496
0.224671
0.213437
0.202765
0.192627
0.182996
0.173846
0.165154
0.156896
0.149051
0.141599
0.134519
0.127793
0.121403
0.115333
0.109566
0.104088
0.0988836
0.0939395
0.0892425
0.0847804
0.0805413
0.0765143
0.0726886
0.0690541
0.0656014
0.0623214
0.0592053
0.056245
0.0534328
0.0507611
0.0482231
0.0458119
0.0435213
0.0413453
0.039278
0.0373141
0.0354484
0.033676
0.0319922
0.0303926
0.0288729
0.0274293
0.0260578
0.0247549
0.0235172
0.0223413
0.0212243
0.0201631
0.0191549
0.0181972
0.0172873
0.0164229
0.0156018
0.0148217
0.0140806
0.0133766
0.0127078
0.0120724
0.0114687
0.0108953
0.0103505
0.00983302
0.00934136
0.0088743
0.00843058
0.00800905
0.0076086
0.00722817
0.00686676
0.00652342
0.00619725
0.00588739
0.00559302
0.00531337
0.0050477
0.00479532
0.00455555
0.00432777
0.00411138
0.00390581
0.00371052
0.003525
0.00334875
0.00318131
0.00302224
0.00287113
0.00272758
0.0025912
0.00246164
0.00233856
0.00222163
0.00211055
0.00200502
0.00190477
0.00180953
0.00171905
0.0016331
0.00155145
0.00147387
0.00140018
0.00133017
0.00126366
0.00120048
0.00114045
0.00108343
0.00102926
0.000977798
0.000928908
0.000882462
0.000838339
0.000796422
0.000756601
0.000718771
0.000682833
0.000648691
0.000616256
0.000585444
0.000556171
0.000528363
0.000501945
0.000476847
0.000453005
0.000430355
0.000408837
0.000388395
0.000368975
0.000350527
0.000333
0.00031635
0.000300533
0.000285506
0.000271231
0.000257669
0.000244786
0.000232547
0.000220919
0.000209873
0.00019938
0.000189411
0.00017994
0.000170943
0.000162396
0.000154276
0.000146562
0.000139234
0.000132272
0.000125659
0.000119376
0.000113407
0.000107737
0.00010235
9.72324e-05
9.23708e-05
8.77523e-05
8.33647e-05
7.91964e-05
7.52366e-05
7.14748e-05
6.7901e-05
6.4506e-05
6.12807e-05
5.82167e-05
5.53058e-05
5.25405e-05
4.99135e-05
4.74178e-05
4.50469e-05
4.27946e-05
4.06549e-05
3.86221e-05
3.6691e-05
3.48565e-05
3.31136e-05
3.1458e-05
2.98851e-05
2.83908e-05
