MutateMinusOne
6560 6560
5660 5660
6640 5240
5680 5240
5480 5240
5920 5240
5680 5000
4960 4960
4560 4560
4380 4380
4420 4100
4220 4100
4720 4080
4880 4080
5420 4080
5100 4080
6640 4080
5940 4080
7000 4080
5820 4080
6760 4080
6900 4080
5640 4080
5240 4080
5880 4080
5540 4080
5660 4080
5820 4080
6280 4080
6400 4080
5620 4080
5020 4080
4940 4080
5380 4080
5640 4080
6000 4080
6800 4080
6360 4080
6740 4080
6260 4080
6200 4080
6480 4080
4980 4080
5060 4080
4580 4080
5980 4080
5360 4080
5940 4080
5740 4080
6220 4080
5620 4080
4680 4080
5000 4080
5960 4080
6180 4080
6480 4080
5960 4080
5500 4080
4920 4080
6240 4080
5300 4080
6840 4080
6880 4080
5740 4080
4580 4080
5020 4080
4800 4080
5720 4080
5800 4080
5960 4080
5880 4080
4560 4080
4560 4080
5000 4080
5240 4080
5280 4080
5700 4080
5620 4080
5660 4080
5220 4080
5220 4080
4880 4080
4940 4080
4820 4080
4760 4080
5320 4080
5140 4080
5440 4080
4460 4080
4920 3980
6140 3980
6000 3980
6280 3980
5840 3980
5900 3980
6560 3980
5860 3980
6380 3980
6200 3980
5540 3980
5480 3980
5600 3980
4420 3980
5300 3780
5320 3780
4480 3780
5800 3780
5920 3780
6580 3780
5820 3780
5880 3780
5180 3780
5780 3780
5500 3780
6300 3780
5420 3780
6420 3780
5260 3780
5420 3780
4340 3780
4800 3780
4580 3780
5380 3780
6080 3780
5260 3780
4880 3780
5640 3780
5460 3780
5960 3780
5440 3780
5320 3780
6000 3780
5900 3780
6200 3780
6060 3780
4880 3780
4360 3780
5200 3780
5860 3780
5980 3780
4680 3780
5400 3780
5620 3780
6580 3780
6300 3780
5520 3780
5560 3780
5400 3780
5980 3780
4440 3780
4880 3780
4720 3780
5020 3780
5220 3780
5660 3780
5320 3780
5260 3780
4380 3780
4800 3780
4820 3780
4780 3780
4820 3780
4880 3780
4700 3780
5300 3780
5300 3780
5760 3780
5420 3780
5480 3780
5200 3780
5360 3780
6080 3780
5900 3780
7440 3780
6740 3780
5820 3780
5280 3780
5220 3780
4540 3780
5120 3780
6680 3780
6160 3780
4940 3780
5740 3780
4860 3780
6020 3780
5440 3780
6540 3780
5440 3780
4180 3780
3660 3580
3740 3580
3740 3580
4060 3580
3920 3580
3640 3580
4860 3580
5120 3580
5020 3580
5180 3580
5300 3580
5200 3580
4560 3580
5300 3580
4760 3580
5220 3580
5220 3580
5100 3580
5760 3580
4540 3580
4680 3580
6040 3580
5040 3580
5580 3580
4800 3580
4840 3580
5980 3580
6040 3580
5860 3580
5080 3580
4140 3580
4140 3580
5240 3580
5200 3580
5000 3580
4420 3580
5700 3580
4960 3580
5180 3580
4420 3580
4340 3580
4440 3580
4740 3580
4780 3580
5760 3580
4680 3580
5040 3580
5480 3580
5020 3580
4740 3580
4100 3580
3780 3580
6140 3580
5480 3580
6200 3580
5500 3580
5660 3580
5180 3580
4620 3580
4720 3580
4500 3580
4880 3580
4880 3580
4820 3580
4820 3580
4660 3580
4900 3580
4460 3580
4620 3580
4720 3580
4940 3580
5060 3580
5500 3580
5700 3580
5060 3580
5820 3580
5580 3580
4900 3580
4980 3580
5240 3580
5460 3580
4480 3580
4480 3580
4480 3580
5120 3580
5140 3580
5400 3580
5200 3580
4720 3580
4860 3580
4460 3580
4960 3580
4800 3580
4520 3580
4440 3580
4440 3580
4300 3580
4420 3580
4360 3580
4560 3580
4460 3580
4200 3580
4020 3580
4020 3580
4020 3580
4100 3580
4120 3580
4100 3580
4600 3580
4600 3580
5340 3580
5980 3580
5420 3580
5040 3580
5500 3580
5580 3580
5540 3580
5440 3580
4680 3580
5000 3580
4780 3580
4880 3580
4500 3580
4560 3580
4420 3580
4180 3580
4200 3580
4580 3580
4340 3580
3760 3580
3760 3580
3760 3580
4080 3580
4140 3580
4900 3580
4820 3580
4800 3580
5800 3580
5780 3580
5300 3580
4000 3580
4160 3580
4140 3580
4140 3580
4060 3580
4540 3580
5180 3580
4880 3580
4920 3580
5200 3580
5040 3580
5120 3580
3900 3580
3320 3320
3380 3320
3380 3320
3320 3320
3340 3280
3420 3280
3620 3280
3800 3280
3600 3280
3520 3280
3680 3280
3660 3220
3660 3220
3880 3220
4140 3220
4080 3220
4300 3220
4580 3220
4400 3220
4680 3220
4500 3220
4380 3220
4380 3220
4520 3220
4340 3220
5100 3220
5240 3220
4700 3220
4680 3220
4340 3220
4100 3220
4100 3220
4100 3220
4100 3220
4100 3220
4100 3220
4140 3220
3700 3220
3700 3220
3280 3220
3400 3220
3400 3220
3400 3220
3400 3220
3400 3220
3400 3220
3400 3220
3400 3220
3500 3220
3500 3220
3500 3220
3940 3220
3940 3220
4140 3220
4400 3220
4560 3220
5080 3220
5100 3220
4840 3220
4280 3220
4200 3220
4420 3220
4180 3220
4280 3220
4580 3220
3660 3220
3480 3220
3480 3220
3660 3220
3660 3220
3660 3220
3660 3220
3660 3220
3660 3220
3660 3220
3660 3220
3660 3220
3660 3220
3660 3220
3660 3220
3620 3220
3600 3220
3520 3220
3460 3220
3480 3220
3480 3220
3480 3220
3060 2960
3440 2960
3700 2960
3700 2960
3160 2960
3160 2960
3160 2960
3160 2960
3160 2960
3160 2960
3160 2960
3160 2960
3160 2960
3160 2960
3160 2960
3120 2960
3120 2960
3120 2960
3160 2960
3440 2960
3440 2960
3440 2960
3440 2960
3280 2960
3280 2960
3420 2960
3440 2960
3400 2960
3460 2960
3460 2960
3460 2960
3460 2960
3460 2960
3460 2960
3460 2960
3460 2960
3460 2960
3460 2960
3660 2960
3660 2960
3560 2960
3600 2960
3600 2960
3600 2960
3920 2960
3960 2960
4000 2960
3680 2960
3680 2960
3840 2960
3840 2960
3680 2960
3660 2960
3760 2960
3480 2960
3420 2960
3100 2960
3560 2960
3560 2960
3560 2960
3560 2960
3560 2960
3540 2960
3500 2960
3500 2960
3500 2960
3500 2960
3200 2960
3160 2960
3160 2960
