NonAllocAndContact
6660 6660
5660 5660
6440 5660
5820 5600
5180 5040
4960 4960
6160 4960
6660 4960
6940 4960
5200 4960
5560 4960
6000 4960
6480 4960
5380 4960
5720 4960
6500 4960
6180 4960
6080 4960
5300 4960
4840 4840
6680 4840
5560 4840
7000 4840
5580 4840
7040 4840
5980 4840
5740 4840
4940 4840
4460 4460
4380 4380
4380 3740
5640 3740
5540 3740
6020 3740
5460 3740
5180 3740
4960 3740
5560 3740
5820 3740
5080 3740
4720 3740
5340 3740
4740 3740
4420 3740
5280 3740
5960 3740
7540 3740
6200 3740
4320 3740
4420 3740
5140 3740
4840 3740
5840 3740
5000 3740
5480 3740
4800 3740
5160 3740
5940 3740
6420 3740
5760 3740
4920 3740
4880 3740
6240 3740
4800 3740
4800 3740
6440 3740
6340 3740
5200 3740
5720 3740
5560 3740
5280 3740
5380 3740
6040 3740
5400 3740
6280 3740
6000 3740
5680 3740
5600 3740
5540 3740
4740 3740
4900 3740
5080 3740
5520 3740
5080 3740
4960 3740
5700 3740
6100 3740
6240 3740
5360 3740
5940 3740
5860 3740
4980 3740
5360 3740
5520 3740
5260 3740
5780 3740
5600 3740
5000 3740
4700 3740
5900 3740
5280 3740
6100 3740
5200 3740
5000 3740
7080 3740
6040 3740
5880 3740
5400 3740
5860 3740
6200 3740
4980 3740
5000 3740
5540 3740
5300 3740
6180 3740
6180 3740
5340 3740
6260 3740
5520 3740
5400 3740
4940 3740
4940 3740
5020 3740
6440 3740
5580 3740
5840 3740
5340 3740
5440 3740
5380 3740
5500 3740
5340 3740
5560 3740
5800 3740
5180 3740
5020 3740
5400 3740
5320 3740
5940 3740
5320 3740
5500 3740
6280 3740
6060 3740
5040 3740
6420 3740
5840 3740
6080 3740
4760 3740
5880 3740
4740 3740
5000 3740
5220 3740
4940 3740
5400 3740
5560 3740
5860 3740
5160 3740
4840 3740
5180 3740
5260 3740
5620 3740
4940 3740
5380 3740
4060 3740
3760 3740
3760 3740
3760 3740
4240 3740
4080 3740
4260 3740
4060 3740
4500 3740
4560 3740
6020 3740
6320 3740
5700 3740
5540 3740
5280 3740
5360 3740
5220 3740
5420 3740
5200 3740
5240 3740
5700 3740
6460 3740
6780 3740
4600 3740
3700 3700
4620 3700
5760 3700
5360 3700
4860 3700
4780 3700
4680 3700
4600 3700
4360 3700
3960 3700
4780 3700
4760 3700
4760 3700
5220 3700
5460 3700
4680 3700
4820 3700
4680 3700
5600 3700
5920 3700
6380 3700
5580 3700
4800 3700
4820 3700
4500 3700
5820 3700
5520 3700
5160 3700
4960 3700
5160 3700
5740 3700
4800 3700
4460 3700
4460 3700
3940 3700
4300 3700
4380 3700
4540 3700
5360 3700
5880 3700
6000 3700
5020 3700
5100 3700
5020 3700
4700 3700
5120 3700
4860 3700
4040 3700
4460 3700
4820 3700
4600 3700
4440 3700
4380 3700
4520 3700
4520 3700
5740 3700
5800 3700
5560 3700
5800 3700
5360 3700
5820 3700
4540 3700
4600 3700
4800 3700
4960 3700
4580 3700
4660 3700
5020 3700
4980 3700
5040 3700
5020 3700
5300 3700
4900 3700
3980 3700
4020 3700
4660 3700
4860 3700
5420 3700
4100 3700
4440 3700
4320 3700
5240 3700
4500 3700
4480 3700
4640 3700
4420 3700
4280 3700
4060 3700
3780 3700
4340 3700
4360 3700
5100 3700
4640 3700
4500 3700
4600 3700
4500 3700
4940 3700
5160 3700
5120 3700
4520 3700
3780 3700
3760 3700
4340 3700
4440 3700
4660 3700
4760 3700
4580 3700
4220 3700
4220 3700
4220 3700
3880 3700
4000 3700
4300 3700
4260 3700
4720 3700
4600 3700
5640 3700
4980 3700
4980 3700
4980 3700
4620 3700
3900 3700
3920 3700
3920 3700
3920 3700
4080 3700
3980 3700
3880 3700
4060 3700
5120 3700
4920 3700
5220 3700
5000 3700
4540 3700
4540 3700
4400 3700
4760 3700
4140 3700
4140 3700
4460 3700
4680 3700
4800 3700
4940 3700
4940 3700
4820 3700
4760 3700
4740 3700
4140 3700
4300 3700
4300 3700
4300 3700
4460 3700
4620 3700
4600 3700
3740 3700
3740 3700
3980 3700
3620 3620
3520 3520
3520 3520
3520 3520
3380 3220
3340 3220
3500 3220
3600 3220
4380 3220
5020 3220
5020 3220
4840 3220
4780 3220
4780 3220
4140 3220
3960 3220
3600 3220
3980 3220
3420 3220
3620 3220
3620 3220
3640 3220
3500 3220
4000 3220
4340 3220
4340 3220
4600 3220
4700 3220
4540 3220
4540 3220
4460 3220
4380 3220
4360 3220
3800 3220
3880 3220
4100 3220
3940 3220
4140 3220
4120 3220
4120 3220
3880 3220
4020 3220
4620 3220
4600 3220
4520 3220
4080 3220
3920 3220
3920 3220
3920 3220
3920 3220
3780 3220
3440 3220
3440 3220
3800 3220
4000 3220
4420 3220
4620 3220
4440 3220
4400 3220
4560 3220
4560 3220
5060 3220
4120 3220
4020 3220
4180 3220
4120 3220
4120 3220
4120 3220
4120 3220
4020 3220
3680 3220
3680 3220
3680 3220
3980 3220
3880 3220
3720 3220
3200 3200
3100 3100
3100 3100
3100 3100
2960 2960
2960 2960
2960 2960
2960 2960
3120 2960
3140 2960
3100 2960
3100 2960
3100 2960
3100 2960
3100 2960
3100 2960
3100 2960
3320 2960
3320 2960
3320 2960
3220 2960
3220 2960
3220 2960
3220 2960
3220 2960
3220 2960
3220 2960
3220 2960
3220 2960
3220 2960
3220 2960
3220 2960
3220 2960
3220 2960
3220 2960
3540 2960
3540 2960
3540 2960
3540 2960
3540 2960
3540 2960
3640 2960
3640 2960
3640 2960
3620 2960
3620 2960
3620 2960
3620 2960
3620 2960
3740 2960
4000 2960
3520 2960
2860 2860
2800 2800
2800 2800
2800 2800
2460 2460
2460 2460
2460 2460
2460 2460
2460 2460
2460 2460
2460 2460
2460 2460
2460 2460
2460 2460
2460 2460
2600 2460
2600 2460
2600 2460
2600 2460
2600 2460
2600 2460
2600 2460
2600 2460
2600 2460
2600 2460
2600 2460
2600 2460
2600 2460
2600 2460
2600 2460
2600 2460
2600 2460
2540 2460
2520 2460
2640 2460
2780 2460
2720 2460
2720 2460
2720 2460
2740 2460
2920 2460
2960 2460
3100 2460
3220 2460
3220 2460
3220 2460
3220 2460
3160 2460
3160 2460
3060 2460
3060 2460
3060 2460
3000 2460
2900 2460
2900 2460
2900 2460
2900 2460
2900 2460
2900 2460
2900 2460
2900 2460
2900 2460
2900 2460
2900 2460
2900 2460
2900 2460
2900 2460
2900 2460
2900 2460
2900 2460
2900 2460
2900 2460
2900 2460
2900 2460
2900 2460
2900 2460
2900 2460
2900 2460
2900 2460
2900 2460
2900 2460
2900 2460
2900 2460
3020 2460
2700 2460
2700 2460
2700 2460
2700 2460
2480 2460
2480 2460
2480 2460
2480 2460
2400 2400
2400 2400
2400 2400
2400 2400
2400 2400
2400 2400
2400 2400
2400 2400
2400 2400
2400 2400
2400 2400
2400 2400
2740 2400
2820 2400
2820 2400
2820 2400
2820 2400
2820 2400
2820 2400
2820 2400
2820 2400
2820 2400
2820 2400
2680 2400
2680 2400
2680 2400
2680 2400
2680 2400
2700 2400
2700 2400
2700 2400
2700 2400
2700 2400
2700 2400
2700 2400
2700 2400
2700 2400
2700 2400
2840 2400
2840 2400
2840 2400
2840 2400
2840 2400
2840 2400
2840 2400
2840 2400
2840 2400
2920 2400
2880 2400
2880 2400
2840 2400
3020 2400
3020 2400
3020 2400
3040 2400
3040 2400
3140 2400
3040 2400
3040 2400
2920 2400
2920 2400
2920 2400
2920 2400
2920 2400
2920 2400
2960 2400
2960 2400
2980 2400
2980 2400
2920 2400
2920 2400
2920 2400
2920 2400
2920 2400
2920 2400
2920 2400
2920 2400
2920 2400
2920 2400
2920 2400
2880 2400
2860 2400
2860 2400
2860 2400
2860 2400
2840 2400
2840 2400
2820 2400
2820 2400
2820 2400
2840 2400
2840 2400
2840 2400
2840 2400
2840 2400
3080 2400
2980 2400
2980 2400
2980 2400
2980 2400
2940 2400
2940 2400
2940 2400
2940 2400
2940 2400
2940 2400
2940 2400
2940 2400
2940 2400
2940 2400
2940 2400
2780 2400
2780 2400
2780 2400
2780 2400
2780 2400
2660 2400
2660 2400
2660 2400
2660 2400
2660 2400
2660 2400
2660 2400
2660 2400
2660 2400
2660 2400
2660 2400
2660 2400
2660 2400
2660 2400
2660 2400
2660 2400
2660 2400
2660 2400
2580 2400
2580 2400
2580 2400
2620 2400
2620 2400
2620 2400
2620 2400
2620 2400
2620 2400
2620 2400
2620 2400
2620 2400
2620 2400
2620 2400
2620 2400
2620 2400
2620 2400
2620 2400
2620 2400
2620 2400
2620 2400
2620 2400
2620 2400
2660 2400
2660 2400
2660 2400
2660 2400
2660 2400
2660 2400
2660 2400
2660 2400
2620 2400
2620 2400
2620 2400
2620 2400
2620 2400
2620 2400
2620 2400
2620 2400
2620 2400
2620 2400
2620 2400
2620 2400
2620 2400
2620 2400
2620 2400
2620 2400
2620 2400
2620 2400
2620 2400
2620 2400
2620 2400
2620 2400
2620 2400
2620 2400
2620 2400
2620 2400
2620 2400
2620 2400
2620 2400
2620 2400
2620 2400
2620 2400
2620 2400
2620 2400
2620 2400
2620 2400
2620 2400
2620 2400
2620 2400
2620 2400
2620 2400
2620 2400
2620 2400
2620 2400
2620 2400
2620 2400
2180 2180
2180 2180
2180 2180
2180 2180
2180 2180
2180 2180
2180 2180
2180 2180
2180 2180
2180 2180
2180 2180
2080 2080
2080 2080
2080 2080
2080 2080
2080 2080
2080 2080
2080 2080
2080 2080
2040 2040
2040 2040
2040 2040
2040 2040
1740 1740
1740 1740
1740 1740
1740 1740
1740 1740
1740 1740
1740 1740
1740 1740
1740 1740
1740 1740
1740 1740
1740 1740
1740 1740
1740 1740
1740 1740
1740 1740
1740 1740
1740 1740
1740 1740
1740 1740
1740 1740
1740 1740
1740 1740
1740 1740
1740 1740
1740 1740
1740 1740
1740 1740
1740 1740
1740 1740
1740 1740
1740 1740
1740 1740
1740 1740
1740 1740
1740 1740
1740 1740
1740 1740
1740 1740
1740 1740
1740 1740
1740 1740
1740 1740
1740 1740
1740 1740
1740 1740
1740 1740
1740 1740
1740 1740
1740 1740
1740 1740
1740 1740
1740 1740
1740 1740
1740 1740
1740 1740
1740 1740
1740 1740
1740 1740
1740 1740
1740 1740
1740 1740
1740 1740
1740 1740
1740 1740
1740 1740
1740 1740
1740 1740
1740 1740
1740 1740
1740 1740
1740 1740
1740 1740
1740 1740
1740 1740
1740 1740
1740 1740
1740 1740
1740 1740
1740 1740
1740 1740
1740 1740
1740 1740
1740 1740
1740 1740
1740 1740
1740 1740
1740 1740
1740 1740
1740 1740
1740 1740
1740 1740
1740 1740
1740 1740
1740 1740
1740 1740
1740 1740
1740 1740
1740 1740
1740 1740
1740 1740
1740 1740
1740 1740
1740 1740
1740 1740
1740 1740
1740 1740
1740 1740
1740 1740
1740 1740
1740 1740
1740 1740
1740 1740
1740 1740
1740 1740
1740 1740
1740 1740
1740 1740
1740 1740
1740 1740
1740 1740
1740 1740
1740 1740
1740 1740
1740 1740
1740 1740
1740 1740
1740 1740
1740 1740
1740 1740
1740 1740
1740 1740
1740 1740
1740 1740
1740 1740
1740 1740
1740 1740
1740 1740
1740 1740
1740 1740
1740 1740
1740 1740
1740 1740
1740 1740
1740 1740
1740 1740
1740 1740
1740 1740
1740 1740
1740 1740
1740 1740
1740 1740
1740 1740
1740 1740
1740 1740
1740 1740
1740 1740
1740 1740
1740 1740
1740 1740
1740 1740
1740 1740
1740 1740
1740 1740
1740 1740
1740 1740
1740 1740
1740 1740
1740 1740
1740 1740
1740 1740
1740 1740
1740 1740
1740 1740
1740 1740
1740 1740
1740 1740
1740 1740
1740 1740
1740 1740
1740 1740
1740 1740
1740 1740
1740 1740
1740 1740
1740 1740
1740 1740
1740 1740
1740 1740
1740 1740
1740 1740
1740 1740
1740 1740
1740 1740
1740 1740
1740 1740
1740 1740
1740 1740
1740 1740
1740 1740
1740 1740
1740 1740
1740 1740
