2309931 21 14 25 21 15 25
2309938 21 10 35 21 13 5
2309942 21 9 20 21 10 20
2309943 21 11 45 21 12 50
2309950 21 9 0 21 10 10
2309951 21 15 35 21 16 25
2309952 21 19 20 21 20 0
2309964 21 15 50 21 16 30
2309973 21 12 5 21 12 55
2309977 21 14 30 21 15 25
2309981 21 9 30 21 10 10
2309988 21 12 30 21 13 25
2309989 21 12 30 21 13 15
2309991 21 7 40 21 8 30
2309994 21 12 10 21 13 20
2309995 21 12 30 21 13 20
2309996 21 13 45 21 16 0
2310001 21 8 45 21 9 15
2310006 21 12 5 21 13 0
2310007 21 11 55 21 12 35
2310009 21 17 40 21 20 0
2310017 21 13 0 21 14 0
2310019 21 12 55 21 13 55
2310020 21 12 40 21 13 10
2310020 21 13 10 21 22 30
2310023 21 19 45 21 23 25
2310028 21 22 35 21 23 35
2310032 21 14 45 21 22 20
2310036 21 6 50 21 12 30
2310037 21 6 10 21 6 40
2310037 21 6 40 21 15 25
2310040 21 11 10 21 14 0
2310044 21 6 25 21 12 55
2310044 21 12 55 21 13 55
2310045 21 11 5 21 13 40
2310046 21 11 25 21 13 40
2310047 21 6 50 21 10 40
2310049 21 8 25 21 8 55
2310049 21 8 55 21 12 50
2310053 21 11 50 21 12 45
2310054 21 15 55 21 16 50
2310055 21 18 10 21 19 10
2310056 21 12 0 21 12 55
2310059 21 8 40 21 9 35
2310061 21 12 15 21 13 10
2310062 21 12 20 21 13 35
2310063 21 9 10 21 10 0
2310069 21 11 45 21 12 40
2310075 21 20 15 21 20 55
2310078 21 20 45 21 21 35
2310080 21 9 5 21 10 20
2310081 21 8 35 21 9 35
2310083 21 12 15 21 13 0
2310086 21 8 45 21 9 40
2310089 21 14 40 21 15 40
2310094 21 6 5 21 9 30
2310094 21 9 30 21 10 30
2310095 21 11 0 21 13 40
2310096 21 11 10 21 14 10
2310097 21 17 0 21 17 30
2310097 21 17 30 21 22 20
2310100 21 9 5 21 16 0
2310101 21 6 25 21 18 10
2310101 21 18 10 21 19 10
2310103 21 8 35 21 9 5
2310105 21 14 15 21 17 0
2310108 21 8 20 21 11 5
2310109 21 9 55 21 10 55
2310110 21 14 20 21 14 50
2310110 21 14 50 21 22 30
2310111 21 6 20 21 6 50
2310112 21 11 0 21 14 0
2310114 21 15 15 21 16 15
2310116 21 8 5 21 11 35
2310117 21 11 30 21 12 0
2310117 21 15 10 21 16 10
2310118 21 7 10 21 10 35
2310119 21 6 30 21 9 35
2310119 21 9 35 21 10 35
2310120 21 6 30 21 7 0
2310120 21 7 0 21 10 0
2310121 21 9 25 21 15 10
2310121 21 15 10 21 16 10
2310123 21 14 30 21 15 55
2310125 21 16 35 21 17 40
2310130 21 12 10 21 13 25
2310131 21 18 5 21 19 0
2310133 21 20 35 21 21 25
2310134 21 16 55 21 18 15
2310138 21 20 0 21 20 45
2310139 21 18 10 21 19 10
2310142 21 11 50 21 13 20
2310145 21 11 15 21 12 35
2310146 21 8 0 21 10 40
2310147 21 14 0 21 16 35
2310148 21 8 10 21 11 15
2310150 21 16 10 21 18 30
2310151 21 7 55 21 8 35
2310153 21 12 5 21 22 25
2310153 21 22 25 21 23 25
2310154 21 15 5 21 16 15
2310156 21 16 5 21 16 45
2310158 21 17 50 21 19 5
2310159 21 8 45 21 9 40
2310162 21 11 45 21 13 40
2310166 21 19 55 21 20 45
2310168 21 9 5 21 12 35
2310173 21 13 25 21 13 55
2310173 21 13 55 21 15 40
2310178 21 19 40 21 20 30
2310182 21 16 0 21 16 40
2310183 21 16 0 21 17 30
2310184 21 12 30 21 13 0
2310185 21 18 5 21 19 30
2310187 21 8 55 21 9 50
2310189 21 8 45 21 9 40
2310191 21 19 55 21 20 50
2310193 21 14 40 21 16 0
2310194 21 9 10 21 10 5
2310195 21 19 55 21 21 0
2310196 21 11 5 21 12 35
2310197 21 20 0 21 21 0
2310199 21 7 50 21 8 30
2310202 21 16 5 21 16 45
2310205 21 14 35 21 16 5
2310207 21 14 40 21 15 25
2310208 21 12 25 21 13 45
2310210 21 19 40 21 20 45
2310214 21 18 55 21 21 0
2310215 21 9 0 21 10 0
2310216 21 18 35 21 19 15
2310219 21 11 45 21 12 40
2310220 21 8 50 21 9 50
2310222 21 9 20 21 10 15
2310226 21 9 0 21 9 55
2310227 21 17 5 21 17 55
2310229 21 17 20 21 18 20
2310231 21 19 55 21 20 35
2310234 21 12 30 21 14 15
2310236 21 22 5 22 7 30
2310283 21 21 20 21 21 50
2310319 21 22 50 22 6 30
2310319 22 6 30 22 7 30
2310341 21 22 10 22 6 15
2310341 22 6 15 22 7 15
2310356 21 14 25 21 14 55
2310356 21 14 55 22 18 10
2310259 21 22 15 21 22 45
2310265 21 22 45 22 6 20
2310400 21 22 40 22 6 20
2310429 21 22 10 21 22 40
2310477 21 22 35 22 6 15
2310480 21 18 15 22 6 30
2310482 21 22 5 21 22 35
2310482 22 6 20 22 7 20
2310489 21 22 50 22 6 15
2310500 21 21 55 22 7 0
2310504 22 6 15 22 7 15
2310505 21 22 15 21 22 45
2310505 21 22 45 22 6 20
2310508 21 22 20 21 22 50
2310508 21 22 50 22 6 15
2310508 22 6 15 22 7 15
2310511 21 22 15 21 22 45
2310512 21 22 20 21 22 50
2310518 21 22 20 21 22 50
2310518 21 22 50 22 6 35
2310530 21 21 45 21 22 15
2310532 21 21 40 21 22 10
2310540 21 22 20 21 22 50
2310540 21 22 50 22 6 50
2310542 21 22 5 21 22 35
2310553 21 22 5 21 22 35
2310553 21 22 35 22 6 25
2310553 22 6 25 22 7 25
2310575 21 21 50 22 7 15
2310715 21 11 15 21 11 45
2310715 21 11 45 23 10 20
