2309927 21 17 25 21 19 0
2309960 21 19 55 21 20 45
2309964 21 15 50 21 16 30
2309967 21 11 40 21 12 35
2309970 21 19 35 21 20 55
2309974 21 9 15 21 10 0
2309995 21 12 30 21 13 20
2309996 21 13 15 21 13 45
2310001 21 9 15 21 12 35
2310003 21 20 0 21 20 45
2310013 21 19 50 21 21 0
2310019 21 5 0 21 12 55
2310020 21 12 40 21 13 10
2310023 21 19 45 21 23 25
2310024 21 8 35 21 11 35
2310026 21 9 10 21 9 40
2310026 21 9 40 21 12 55
2310028 21 16 45 21 17 15
2310030 21 13 15 21 14 45
2310031 21 6 15 21 6 45
2310035 21 10 0 21 11 0
2310037 21 15 25 21 16 25
2310038 21 6 25 21 12 30
2310042 21 11 20 21 11 50
2310044 21 6 25 21 12 55
2310044 21 12 55 21 13 55
2310049 21 8 55 21 12 50
2310051 21 9 10 21 10 5
2310053 21 11 50 21 12 45
2310064 21 7 50 21 8 45
2310070 21 8 40 21 9 35
2310071 21 20 0 21 21 10
2310074 21 9 0 21 9 40
2310075 21 20 15 21 20 55
2310076 21 15 40 21 16 30
2310081 21 8 35 21 9 35
2310082 21 11 55 21 12 45
2310093 21 16 35 21 19 10
2310094 21 5 35 21 6 5
2310094 21 6 5 21 9 30
2310097 21 17 0 21 17 30
2310097 21 22 20 21 23 20
2310098 21 7 5 21 15 35
2310098 21 15 35 21 16 35
2310099 21 7 0 21 9 55
2310100 21 8 35 21 9 5
2310100 21 9 5 21 16 0
2310101 21 5 55 21 6 25
2310101 21 6 25 21 18 10
2310103 21 9 5 21 12 45
2310107 21 6 50 21 10 20
2310109 21 6 15 21 6 45
2310110 21 22 30 21 23 30
2310111 21 6 20 21 6 50
2310111 21 6 50 21 9 40
2310111 21 9 40 21 10 40
2310112 21 11 0 21 14 0
2310114 21 12 5 21 15 15
2310114 21 15 15 21 16 15
2310116 21 8 5 21 11 35
2310119 21 6 30 21 9 35
2310120 21 6 30 21 7 0
2310121 21 8 55 21 9 25
2310121 21 9 25 21 15 10
2310123 21 14 30 21 15 55
2310132 21 8 50 21 9 40
2310135 21 16 25 21 17 15
2310138 21 20 0 21 20 45
2310145 21 11 15 21 12 35
2310151 21 7 55 21 8 35
2310153 21 12 5 21 22 25
2310154 21 15 5 21 16 15
2310168 21 9 5 21 12 35
2310175 21 20 10 21 21 0
2310178 21 19 40 21 20 30
2310184 21 12 30 21 13 0
2310186 21 15 50 21 16 45
2310187 21 8 55 21 9 50
2310197 21 20 0 21 21 0
2310208 21 12 25 21 13 45
2310209 21 20 0 21 21 10
2310216 21 18 35 21 19 15
2310220 21 8 50 21 9 50
2310223 21 12 10 21 12 55
2310224 21 18 10 21 19 20
2310225 21 10 20 21 11 10
2310226 21 9 0 21 9 55
2310229 21 17 20 21 18 20
2310234 21 12 30 21 14 15
2310254 21 21 20 21 21 50
2310254 21 21 50 22 6 15
2310356 21 14 55 22 18 10
2310400 21 22 10 21 22 40
2310477 21 22 35 22 6 15
2310480 21 17 45 21 18 15
2310480 21 18 15 22 6 30
2310482 21 22 35 22 6 20
2310489 21 22 20 21 22 50
2310508 21 22 50 22 6 15
2310512 21 22 20 21 22 50
2310512 21 22 50 22 6 30
2310515 22 6 25 22 7 25
2310530 22 6 40 22 7 40
2310532 21 22 10 22 6 15
2310540 21 22 20 21 22 50
2310540 22 6 50 22 7 50
2310542 21 22 5 21 22 35
2310542 22 6 15 22 7 15
2310553 21 22 35 22 6 25
2310575 21 21 50 22 7 15
2310715 21 11 45 23 10 20
