3300287 7 30 8 40
3300291 10 40 11 30
3300292 15 30 16 45
3300293 7 20 8 20
3300324 20 0 20 55
3300350 8 40 9 30
3300397 8 5 9 15
3300403 19 45 21 5
3300427 20 30 21 30
3300436 19 50 21 5
3300437 8 15 9 15
3300456 20 50 21 50
3300476 8 25 9 20
3300483 17 5 18 10
3300493 16 5 17 5
3300549 16 55 17 50
3300558 19 25 20 35
3300578 15 15 16 35
3300579 18 25 19 20
3300581 12 10 13 30
3300654 16 55 17 50
3300655 18 50 20 15
3300665 12 40 13 45
3300679 19 45 20 55
3300695 14 20 15 25
3300702 14 35 15 40
3300709 14 40 15 35
3300714 7 45 9 45
3300731 20 30 21 35
3300780 11 55 12 50
3300800 8 35 9 35
3300807 8 25 9 15
3300843 9 0 13 20
3300848 11 15 12 20
3300906 14 10 15 20
3300992 17 10 18 5
3301003 11 45 12 40
3301034 19 30 20 50
3301038 20 40 21 55
3301051 20 40 21 35
3301080 8 10 9 20
3301145 11 45 12 45
3301160 13 35 14 55
3301162 19 35 20 45
3301172 11 30 12 20
3301194 8 35 9 25
3301201 16 35 17 25
3301224 7 5 8 5
3301241 12 30 13 35
3301260 17 10 18 10
3301275 19 45 20 45
3301279 13 35 14 55
3301288 8 20 9 15
3301345 17 5 17 50
3301349 11 30 12 25
3301359 11 20 12 15
3301388 8 20 9 15
3301391 13 5 14 25
3301393 19 25 20 45
3301417 8 50 9 55
3301430 21 5 21 55
3301432 16 20 17 5
3301453 11 55 13 10
3301460 17 40 18 30
3301500 20 0 20 55
3301516 13 5 14 20
3301517 9 10 11 20
3301572 11 40 12 50
3301573 7 30 8 30
3301581 11 45 12 50
3301599 15 5 16 10
3301616 16 35 17 40
3301618 13 15 14 5
3301631 12 0 13 5
3301637 14 25 15 20
3301655 14 0 15 35
3301659 12 5 13 5
3301661 8 25 9 20
3301664 21 5 21 55
3301671 7 35 8 50
3301727 20 0 21 15
3301749 20 0 21 5
3301761 17 0 17 50
3301771 13 15 14 25
3301787 13 15 14 5
3301800 13 20 14 15
3301809 20 30 22 5
3301811 8 50 9 55
3301813 20 0 21 25
3301847 15 20 16 15
3301885 7 5 8 15
3301917 10 50 11 40
3301918 17 25 18 15
3301920 14 35 15 25
3301921 10 20 11 10
3301922 20 40 21 30
3302126 8 0 10 15
3302127 12 25 14 30
3302128 16 30 18 35
3302129 17 50 20 15
3302149 7 15 9 30
0 0 0 0 0
0 0 0 0 0
0 0 0 0 0
0 0 0 0 0
0 0 0 0 0
0 0 0 0 0
0 0 0 0 0
0 0 0 0 0
0 0 0 0 0
0 0 0 0 0
